Excel:
	CW: -0.0000000523x6 + 0.0000181290x5 - 0.0025664649x4 + 0.1892512408x3 - 7.6528408984x2 + 161.3202013939x - 1361.6192106802
	CP: -0.0000266014x4 + 0.0049087474x3 - 0.3324086598x2 + 10.4414317754x - 97.8338242811
	AW: -0.000022897050179x4 + 0.005014416986151x3 - 0.403799485262608x2 + 14.849009069413300x - 175.628333348424000
	AP: -0.0000002259x5 + 0.0000546227x4 - 0.0051662661x3 + 0.2374061139x2 - 4.4286915613x + 48.8052073927
	SW: -0.000010517928612x4 + 0.001654175489973x3 - 0.095879122109467x2 + 2.937990633495440x - 11.762017500704600
	SP: -0.0000103493x4 + 0.0017075599x3 - 0.1025942957x2 + 3.2203268079x - 14.8065137218
	
Arduino:
	CW: -0.0000000523 * pow(x. 6) + 0.0000181290 * pow(x. 5) - 0.0025664649 * pow(x. 4) + 0.1892512408 * pow(x. 3) - 7.6528408984 * pow(x. 2) + 161.3202013939*x - 1361.6192106802
	CP: -0.0000266014 * pow(x. 4) + 0.0049087474 * pow(x. 3) - 0.3324086598 * pow(x. 2) + 10.4414317754 * x - 97.8338242811
	AW: -0.0000228971 * pow(x. 4) + 0.0050144170 * pow(x. 3) - 0.4037994853 * pow(x. 2) + 14.8490090694 * x - 175.6283333484
	AP: -0.0000002259 * pow(x. 5) + 0.0000546227 * pow(x. 4) - 0.005166266 * pow(x. 3) + 0.2374061139 * pow(x. 2) - 4.4286915613 * x + 48.8052073927
	SW: -0.0000105179 * pow(x, 4) + 0.0016541754 * pow(x, 3) - 0.0958791221 * pow(x, 2) + 2.9379906334 * x - 11.7620175007
	SP: -0.0000103493 * pow(x. 4) + 0.0017075599 * pow(x. 3) - 0.1025942957 * pow(x. 2) + 3.2203268079 * x - 14.8065137218